(4, 6) to (4, 4)
(2, 1) to (2, 3)
(6, 7) to (5, 5)
(3, 0) to (0, 3)
(2, 6) to (2, 4)
(0, 3) to (1, 4)
(3, 7) to (1, 5)
(1, 4) to (1, 2)
(1, 5) to (1, 2)
(0, 1) to (1, 2)
(1, 7) to (2, 5)
(0, 0) to (0, 2)
(2, 5) to (3, 3)
(4, 0) to (3, 0)
(5, 5) to (4, 3)
(6, 0) to (7, 2)
(3, 6) to (3, 5)
(3, 1) to (3, 2)
(4, 3) to (5, 5)
(2, 0) to (4, 2)
(3, 3) to (5, 4)
(4, 2) to (6, 4)
(5, 4) to (3, 3)
(6, 4) to (3, 1)
(4, 4) to (4, 3)
(3, 2) to (4, 3)
(5, 5) to (4, 3)
(3, 1) to (4, 2)
(2, 7) to (7, 2)
(6, 1) to (7, 2)
(3, 3) to (5, 4)
(3, 0) to (4, 0)
(5, 4) to (4, 2)
(5, 1) to (4, 2)
(5, 7) to (4, 6)
(5, 0) to (6, 1)
(4, 6) to (7, 3)
(4, 0) to (5, 0)
(4, 3) to (5, 1)
(6, 1) to (1, 6)
(0, 7) to (1, 7)
(1, 6) to (2, 5)
(4, 7) to (5, 7)
(7, 0) to (6, 0)
(5, 1) to (7, 2)
(6, 0) to (6, 3)
(6, 6) to (6, 4)
(2, 5) to (3, 6)
(1, 7) to (1, 6)
(6, 3) to (7, 3)
(6, 4) to (7, 3)
(3, 6) to (7, 2)
(5, 7) to (6, 6)
(7, 2) to (5, 4)
(6, 6) to (5, 5)
(4, 2) to (4, 3)
(7, 6) to (7, 4)
(1, 0) to (2, 2)
(7, 7) to (1, 7)
(2, 2) to (1, 4)
(3, 5) to (3, 4)
(1, 4) to (0, 6)
(3, 4) to (2, 3)
(0, 2) to (0, 5)
(1, 6) to (1, 5)
(4, 3) to (4, 4)
(5, 5) to (5, 4)
(0, 5) to (1, 5)
(1, 7) to (1, 5)
(1, 2) to (2, 3)
(1, 5) to (1, 1)
(0, 6) to (2, 5)
(7, 3) to (7, 2)
(2, 5) to (3, 7)
(5, 4) to (4, 3)
(5, 0) to (5, 1)
(1, 1) to (1, 7)
(3, 7) to (5, 6)
(1, 7) to (6, 7)
(4, 4) to (4, 5)
(6, 7) to (6, 1)
(5, 1) to (5, 0)
(6, 1) to (6, 6)
(5, 6) to (3, 5)
(4, 3) to (4, 4)
(3, 5) to (2, 7)
(4, 4) to (4, 5)
(2, 7) to (1, 5)
(4, 5) to (4, 4)
(4, 1) to (4, 2)
(4, 4) to (4, 3)
(1, 5) to (3, 4)
(6, 6) to (6, 1)
(3, 4) to (5, 3)
(6, 1) to (7, 1)
(5, 3) to (7, 4)
(4, 3) to (4, 2)
(5, 0) to (6, 0)
(7, 1) to (5, 1)
(6, 0) to (7, 0)
(4, 2) to (4, 3)
(7, 4) to (6, 6)
(4, 3) to (4, 4)
(6, 6) to (4, 7)
(5, 1) to (5, 6)
(7, 0) to (7, 1)
(5, 6) to (7, 6)
(4, 7) to (2, 6)
(7, 6) to (2, 6)
(7, 1) to (7, 2)
(2, 6) to (6, 6)
(7, 2) to (7, 3)
(4, 4) to (3, 3)
(7, 3) to (7, 4)
(3, 3) to (2, 3)
(7, 4) to (7, 5)
(6, 6) to (6, 0)
(7, 5) to (7, 6)
(6, 0) to (6, 1)
(7, 6) to (7, 7)
(2, 3) to (3, 3)
(7, 7) to (7, 6)
(2, 4) to (2, 3)
(7, 6) to (7, 7)
(2, 3) to (2, 2)
(7, 7) to (7, 6)
(2, 2) to (2, 1)
(7, 6) to (7, 5)
(2, 1) to (2, 0)
(7, 5) to (7, 6)
